# Generated by Allantools 2019.09
# Input data type: phase
# Input data rate: 1.0
   AF        Tau          N alpha   min_mdev       mdev   max_mdev 
    1 1.0000e+00        998 NaN   4.9648e-01 5.0447e-01 5.1245e-01 
    2 2.0000e+00        995 NaN   1.6577e-01 1.6844e-01 1.7111e-01 
    4 4.0000e+00        989 NaN   5.9987e-02 6.0956e-02 6.1925e-02 
    8 8.0000e+00        977 NaN   2.3210e-02 2.3587e-02 2.3965e-02 
   16 1.6000e+01        953 NaN   7.9696e-03 8.1008e-03 8.2320e-03 
   32 3.2000e+01        905 NaN   2.5193e-03 2.5619e-03 2.6045e-03 
   64 6.4000e+01        809 NaN   6.9968e-04 7.1220e-04 7.2472e-04 
  128 1.2800e+02        617 NaN   2.5438e-04 2.5961e-04 2.6484e-04 
  256 2.5600e+02        233 NaN   5.0659e-05 5.2374e-05 5.4090e-05 
